0	6.836530
1	12.343842
2	16.789242
3	20.329449
4	23.187983
5	25.427933
6	27.218426
7	28.650824
8	29.834827
9	30.729294
10	31.475628
11	32.122505
12	32.631218
13	33.036720
14	33.227821
15	33.490562
16	33.699291
17	33.690495
18	33.828480
19	34.047264
20	34.191532
21	34.374329
22	34.444393
23	34.412552
24	34.452999
25	34.560066
26	34.575405
27	34.574493
28	34.605991
29	34.596031
30	34.623222
31	34.573193
32	34.571259
33	34.578499
34	34.576969
35	34.600647
36	34.609337
37	34.620682
38	34.619503
39	34.620026
40	34.610191
41	34.608181
42	34.619759
43	34.623161
44	34.608299
45	34.613991
46	34.606827
47	34.961449
48	34.896511
49	34.837238
50	34.849876
51	34.849735
52	34.798351
53	34.786541
54	34.768303
55	34.772758
56	34.701611
57	34.732586
58	34.736858
59	34.760784
60	34.755024
61	34.756275
62	34.738232
63	34.745770
64	34.732758
65	34.728207
66	34.708454
67	34.711693
68	34.692314
69	34.676811
70	34.684914
71	34.716301
72	34.731155
73	34.744503
74	34.771294
75	34.767826
76	34.759193
77	34.747890
78	34.775471
79	34.807789
80	34.792625
81	34.796608
82	34.808586
83	34.813774
84	34.838432
85	34.823002
86	34.823841
87	34.825977
88	34.815968
89	34.761086
90	34.796280
91	34.783421
92	34.811218
93	34.817345
94	34.861794
95	34.903214
96	34.870430
97	34.886684
98	34.873322
99	34.859703
100	34.848808
101	34.860600
102	34.880287
103	34.887245
104	34.888420
105	34.889359
106	34.890110
107	34.870201
108	34.861599
109	34.856182
110	34.863567
111	34.843109
112	34.866295
113	34.848221
114	34.873314
115	34.888992
116	34.888351
117	34.868797
118	34.910282
119	34.912708
120	34.902931
121	34.903896
122	34.920784
123	34.896206
124	34.904377
125	34.915306
126	34.931374
127	34.888565
128	34.902657
129	34.928581
130	34.956642
131	34.976162
132	34.963947
133	34.960033
134	34.899773
135	34.913090
136	34.935463
137	34.938713
138	34.933987
139	34.924347
140	34.909309
141	34.884098
142	34.928383
143	34.965275
144	35.032875
145	35.066444
146	35.044960
147	35.018986
148	35.026039
149	35.017033
150	34.835506
151	34.819195
152	34.854485
153	34.882717
154	34.897980
155	34.968784
156	34.949257
157	34.984901
158	35.252190
159	35.230179
160	35.208176
161	35.172997
162	35.174149
163	35.163353
164	35.142998
165	35.122318
166	35.130676
167	35.121250
168	35.157654
169	35.189709
170	35.197773
171	35.176392
172	35.175400
173	35.173141
174	35.153755
175	35.135319
176	35.127892
177	35.129276
178	35.128918
179	35.106659
180	35.075668
181	35.071384
182	35.079674
183	35.043827
184	35.059093
185	35.080097
186	35.070534
187	35.095108
188	35.126488
189	35.161846
190	35.239937
191	35.251141
192	35.229340
193	35.220688
194	35.245995
195	35.260384
196	35.268963
197	35.237740
198	35.244987
199	35.249321
200	35.235207
201	35.232704
202	35.217522
203	35.193657
204	35.148197
205	35.229015
206	35.259979
207	35.240807
208	35.199100
209	35.212608
210	35.205837
211	35.259014
212	35.229778
213	35.222504
214	35.222542
215	35.282635
216	35.288227
217	35.295631
218	35.297161
219	35.292522
220	35.291740
221	35.332134
222	35.319038
223	35.299770
224	35.300468
225	35.290775
226	35.277161
227	35.273594
228	35.294178
229	35.295998
230	35.279873
231	35.288948
232	35.277164
233	35.277992
234	35.272793
235	35.230549
236	35.152809
237	35.159462
238	35.242424
239	35.257526
240	35.197826
241	35.214520
242	35.242523
243	35.245884
244	35.269081
245	35.221718
246	35.246819
247	35.258110
248	35.274467
249	35.261185
250	35.294506
251	35.322624
252	35.334869
253	35.338806
254	35.349281
255	35.384026
256	35.376667
257	35.383961
258	35.383934
259	35.338505
260	35.343178
261	35.285393
262	35.294830
263	35.281868
264	35.315449
265	35.342308
266	35.357941
267	35.388023
268	35.387188
269	35.399700
270	35.449261
271	35.425922
272	35.462914
273	35.466145
274	35.543434
275	35.529095
276	35.489788
277	35.477386
278	35.490906
279	35.487072
280	35.441521
281	35.438774
282	35.445366
283	35.475544
284	35.473316
285	35.461281
286	35.398918
287	35.422272
288	35.440956
289	35.464691
290	35.476357
291	35.473969
292	35.469128
293	35.449139
294	35.453655
295	35.460197
296	35.441998
297	35.440620
298	35.432198
299	35.454754
300	35.531395
301	35.523857
302	35.513435
303	35.527069
304	35.507214
305	35.834106
306	35.774818
307	35.730316
308	35.659557
309	35.670330
310	35.618889
311	35.592388
312	35.606342
313	35.627758
314	35.612663
315	35.622566
316	35.639275
317	35.627739
318	35.617046
319	35.605560
320	35.593445
321	35.574963
322	35.548454
323	35.531647
324	35.551891
325	35.540253
326	35.541199
327	35.550743
328	35.556915
329	35.597008
330	35.617363
331	35.629253
332	35.581635
333	35.564049
334	35.555840
335	35.572712
336	35.574486
337	35.580303
338	35.586418
339	35.597176
340	35.621895
341	35.597725
342	35.631123
343	35.643188
344	35.636730
345	35.628632
346	35.673424
347	35.633087
348	35.592030
349	35.611916
350	35.632221
351	35.651390
352	35.655010
353	35.657906
354	35.638252
355	35.667938
356	35.574497
357	35.611076
358	35.613972
359	35.610424
360	35.650070
361	35.630516
362	35.664680
363	35.648064
364	35.688972
365	35.668964
366	35.726200
367	35.714855
368	35.702850
369	35.767956
370	35.770237
371	35.826260
372	35.806622
373	35.795311
374	35.862434
375	35.815056
376	35.802055
377	35.941071
378	35.885292
379	35.883148
380	35.884361
381	35.856037
382	35.871464
383	35.853043
384	35.836842
385	35.829739
386	35.809406
387	35.615894
388	35.663235
389	35.684994
390	35.699471
391	35.719841
392	35.746391
393	35.799858
394	35.757671
395	35.707806
396	35.767525
397	35.834343
398	35.796978
399	35.815426
400	35.803818
401	35.798927
402	35.768646
403	35.772255
404	35.772209
405	35.769245
406	35.797634
407	35.813023
408	35.841446
409	35.900806
410	35.867725
411	35.901321
412	35.898903
413	35.898430
414	35.848248
415	35.931149
416	35.875885
417	35.874157
418	35.735077
419	35.720497
420	35.755707
421	35.773621
422	35.780628
423	35.783302
424	35.813274
425	35.866550
426	35.847649
427	35.864754
428	35.904804
429	35.916336
430	35.902122
431	35.895149
432	35.882244
433	35.874851
434	35.874794
435	35.886467
436	35.926567
437	35.913239
438	35.880604
439	35.876469
440	35.881950
441	35.880474
442	35.883690
443	35.849640
444	35.816540
445	35.826683
446	35.847980
447	35.815208
448	35.881279
449	35.904839
450	35.910503
451	35.913570
452	35.937996
453	35.733414
454	35.786549
455	35.812943
456	35.838451
457	35.904270
458	35.926163
459	35.958324
460	35.960617
461	35.984425
462	35.969780
463	35.925835
464	35.936089
465	35.922321
466	35.905449
467	35.922710
468	35.932125
469	35.870808
470	35.842262
471	35.882416
472	35.898426
473	35.927345
474	35.960735
475	35.983055
476	35.962822
477	35.996441
478	36.021873
479	36.080303
480	36.072849
481	36.039055
482	36.025200
483	36.017048
484	36.035427
485	36.057457
486	36.089729
487	36.052559
488	36.056511
489	36.059673
490	36.050484
491	35.986004
492	36.026707
493	36.005070
494	36.006802
495	36.043343
496	36.044746
497	36.051727
498	36.014832
499	36.026329
500	36.016487
501	35.996895
502	36.022236
503	36.054226
504	36.069565
505	36.087696
506	36.059719
507	36.087143
508	35.933300
509	35.921555
510	35.964893
511	35.976128
512	35.973396
513	35.999043
514	36.009304
515	36.055599
516	36.069199
517	36.097656
518	36.098450
519	36.157677
520	36.099590
521	36.123436
522	36.116142
523	36.146931
524	36.139336
525	36.150837
526	36.139530
527	36.130486
528	36.013386
529	36.045681
530	36.083237
531	36.119141
532	36.133217
533	36.125435
534	36.149971
535	36.156414
536	36.155708
537	36.168327
538	36.261921
539	36.248905
540	36.210659
541	36.197639
542	36.209198
543	36.177429
544	36.244301
545	36.211372
546	36.165985
547	36.214638
548	36.228657
549	36.163700
550	36.165932
551	36.175041
552	36.170612
553	36.175858
554	36.117065
555	36.144737
556	36.155159
557	36.173748
558	36.162254
559	36.164776
560	36.070110
561	36.117428
562	36.112801
563	36.116425
564	36.136902
565	36.074181
566	36.078205
567	36.047733
568	36.068764
569	36.082661
570	36.080593
571	36.105309
572	36.145588
573	36.223225
574	36.234062
575	36.235405
576	36.243805
577	36.203651
578	36.218403
579	36.236061
580	36.050972
581	36.113838
582	36.164131
583	36.170673
584	36.221317
585	36.235466
586	36.227741
587	36.303596
588	36.311543
589	36.118675
590	36.081573
591	36.180798
592	36.211838
593	36.249855
594	36.281731
595	36.247173
596	36.272263
597	36.280617
598	36.299019
599	36.281513
600	36.290947
601	36.277985
602	36.301308
603	36.264301
604	36.243484
605	36.336697
606	36.357063
607	36.333809
608	36.253681
609	36.227665
610	36.266911
611	36.282192
612	36.294418
613	36.267578
614	36.222668
615	36.261448
616	36.269035
617	36.300007
618	36.305740
619	36.338158
620	36.368488
621	36.348808
622	36.314018
623	36.309624
624	36.474571
625	36.464436
626	36.443142
627	36.434898
628	36.413654
629	36.414238
630	36.426422
631	36.401012
632	36.399727
633	36.378193
634	36.409309
635	36.401970
636	36.457623
637	36.403999
638	36.368427
639	36.404427
640	36.403923
641	36.412312
642	36.411697
643	36.412670
644	36.450073
645	36.301281
646	36.321407
647	36.355091
648	36.390827
649	36.407696
650	36.412399
651	36.438133
652	36.449932
653	36.441795
654	36.445538
655	36.454395
656	36.448296
657	36.449272
658	36.444195
659	36.432808
660	36.445671
661	36.494053
662	36.493206
663	36.499855
664	36.320599
665	36.355907
666	36.363644
667	36.400597
668	36.402325
669	36.405174
670	36.414776
671	36.425392
672	36.449993
673	36.479931
674	36.498024
675	36.503704
676	36.514111
677	36.497532
678	36.484268
679	36.485374
680	36.514091
681	36.504841
682	36.513557
683	36.527851
684	36.534893
685	36.522949
686	36.522179
687	36.517170
688	36.514629
689	36.512596
690	36.525616
691	36.584373
692	36.580109
693	36.569374
694	36.543205
695	36.557426
696	36.562946
697	36.628887
698	36.636230
699	36.639172
700	36.640064
701	36.624664
702	36.571327
703	36.585785
704	36.579773
705	36.585217
706	36.573463
707	36.578705
708	36.626846
709	36.589184
710	36.583961
711	36.592964
712	36.594307
713	36.598309
714	36.600048
715	36.547237
716	36.405380
717	36.461819
718	36.483532
719	36.563892
720	36.584236
721	36.594646
722	36.604443
723	36.616676
724	36.690914
725	36.700500
726	36.757973
727	36.752682
728	36.767494
729	36.786667
730	36.753662
731	36.724327
732	36.716976
733	36.711098
734	36.637543
735	36.593346
736	36.640022
737	36.636345
738	36.639263
739	36.659180
740	36.653137
741	36.683464
742	36.674030
743	36.665020
744	36.701759
745	36.681343
746	36.653290
747	36.705559
748	36.721004
749	36.721642
750	36.725082
751	36.702930
752	36.686676
753	36.680992
754	36.685238
755	36.703285
756	36.508247
757	36.549973
758	36.592140
759	36.646385
760	36.692711
761	36.693150
762	36.719868
763	36.722198
764	36.735783
765	36.765694
766	36.758858
767	36.751926
768	36.772747
769	36.806984
770	36.808006
771	36.794174
772	36.794827
773	36.853943
774	36.908562
775	36.912704
776	36.937992
777	36.920135
778	36.908779
779	36.899696
780	36.858738
781	36.922649
782	36.928368
783	36.941734
784	36.948032
785	36.951607
786	37.023312
787	37.023548
788	36.990044
789	36.998398
790	37.032913
791	36.994606
792	36.958103
793	36.930367
794	36.900852
795	36.899212
796	36.880322
797	36.915016
798	36.954491
799	37.009506
800	36.986137
801	36.850250
802	36.851406
803	36.916786
804	36.892918
805	36.891399
806	36.939991
807	36.973003
808	36.989159
809	36.994759
810	37.028538
811	37.030659
812	37.044075
813	37.013790
814	37.058411
815	37.069206
816	37.137901
817	37.169418
818	37.144829
819	37.173496
820	37.145161
821	37.172295
822	37.062164
823	37.119083
824	37.107491
825	37.109932
826	37.177807
827	37.177906
828	37.243904
829	37.284985
830	37.288551
831	37.294334
832	37.296028
833	37.271019
834	37.311073
835	37.350441
836	37.354099
837	37.357025
838	37.372551
839	37.380577
840	37.410439
841	37.339108
842	37.368469
843	37.393425
844	37.382626
845	37.409142
846	37.421570
847	37.411003
848	37.405479
849	37.647160
850	37.635418
851	37.574757
852	37.639023
853	37.625984
854	37.677074
855	37.656422
856	37.534431
857	37.580395
858	37.582008
859	37.614063
860	37.642635
861	37.655239
862	37.646278
863	37.687450
864	37.674980
865	37.684044
866	37.695690
867	37.713799
868	37.723888
869	37.693871
870	37.721130
871	37.753193
872	37.793491
873	37.814011
874	37.812847
875	37.776760
876	37.844570
877	37.870987
878	37.868683
879	37.890278
880	37.983727
881	37.963268
882	37.965946
883	37.804024
884	37.847340
885	37.890781
886	37.915279
887	37.983219
888	38.018528
889	38.037987
890	38.027184
891	38.044910
892	38.059090
893	38.077759
894	38.114666
895	38.085598
896	38.096035
897	38.111710
898	38.135967
899	38.159767
900	38.171486
901	38.170605
902	38.174294
903	38.184570
904	38.216228
905	38.187355
906	38.206738
907	38.250080
908	38.319908
909	38.289345
910	38.298584
911	38.351387
912	38.368725
913	38.331326
914	38.333637
915	38.335487
916	38.316456
917	38.311485
918	38.339733
919	38.331570
920	38.361664
921	38.368156
922	38.366028
923	38.381905
924	38.406322
925	38.402424
926	38.405163
927	38.435188
928	38.457741
929	38.488968
930	38.549107
931	38.563526
932	38.591175
933	38.601574
934	38.612823
935	38.623287
936	38.622871
937	38.571266
938	38.639847
939	38.622932
940	38.571312
941	38.591545
942	38.645817
943	38.683372
944	38.684120
945	38.715481
946	38.731781
947	38.736031
948	38.745293
949	38.723404
950	38.723473
951	38.726456
952	38.755211
953	38.767960
954	38.792809
955	38.809757
956	38.893627
957	38.922638
958	38.953171
959	38.974667
960	38.933270
961	38.932381
962	38.934597
963	38.939301
964	38.945992
965	38.971855
966	38.980827
967	38.976284
968	39.006340
969	39.037712
970	39.049625
971	39.037182
972	39.050667
973	39.051201
974	39.038445
975	39.015053
976	38.980228
977	39.028542
978	39.071587
979	39.094303
980	39.102222
981	39.086586
982	39.062355
983	39.092777
984	39.052662
985	39.065979
986	39.086887
987	39.053810
988	39.091801
989	39.057739
990	39.093479
991	39.123535
992	39.172485
993	39.217506
994	39.241802
995	39.277351
996	39.239872
997	39.253834
998	39.279652
999	39.257824
1000	39.285774
1001	39.330109
1002	39.400734
1003	39.433796
1004	39.452919
1005	39.534138
1006	39.530262
1007	39.534485
1008	39.558372
1009	39.567230
1010	39.505470
1011	39.497078
1012	39.531380
1013	39.535381
1014	39.519539
1015	39.546417
1016	39.562061
1017	39.658073
1018	39.604511
1019	39.602673
1020	39.623177
1021	39.607353
1022	39.607880
1023	39.581932
1024	39.643208
1025	39.664394
1026	39.731148
1027	39.699593
1028	39.715363
1029	39.704540
1030	39.729576
1031	39.745209
1032	39.770897
1033	39.766548
1034	39.815804
1035	39.814190
1036	39.807041
1037	39.643116
1038	39.703873
1039	39.764198
1040	39.783161
1041	39.812981
1042	39.816326
1043	39.843906
1044	39.868900
1045	39.862526
1046	39.875008
1047	39.893780
1048	39.914658
1049	39.937218
1050	39.959663
1051	39.948322
1052	39.936317
1053	39.944294
1054	39.981438
1055	39.977459
1056	39.983067
1057	40.019779
1058	40.088699
1059	40.099892
1060	40.091267
1061	40.096085
1062	40.085289
1063	40.079582
1064	40.102852
1065	40.051155
1066	40.072784
1067	40.038818
1068	40.055592
1069	40.118813
1070	40.109333
1071	40.120792
1072	40.154861
1073	40.177723
1074	40.168179
1075	40.186913
1076	40.196037
1077	40.187225
1078	40.215332
1079	40.243675
1080	40.292717
1081	40.271893
1082	40.280136
1083	40.288197
1084	40.303432
1085	40.337597
1086	40.372253
1087	40.363354
1088	40.367954
1089	40.386284
1090	40.386299
1091	40.415607
1092	40.441986
1093	40.457226
1094	40.425472
1095	40.405930
1096	40.513344
1097	40.539215
1098	40.518898
1099	40.524616
1100	40.536518
1101	40.607563
1102	40.642426
1103	40.616112
1104	40.628757
1105	40.646198
1106	40.633781
1107	40.631172
1108	40.621758
1109	40.639133
1110	40.645710
1111	40.681732
1112	40.646095
1113	40.643951
1114	40.675930
1115	40.669289
1116	40.652252
1117	40.703079
1118	40.695400
1119	40.718555
1120	40.679951
1121	40.717915
1122	40.727776
1123	40.737129
1124	40.773911
1125	40.816521
1126	40.803734
1127	40.756878
1128	40.795570
1129	40.803085
1130	40.819351
1131	40.847012
1132	40.844238
1133	40.856667
1134	40.872471
1135	40.871929
1136	40.887611
1137	40.891365
1138	40.897301
1139	40.932808
1140	40.946568
1141	40.945854
1142	40.933567
1143	40.966217
1144	40.986477
1145	40.982178
1146	40.972878
1147	41.000595
1148	41.088692
1149	41.088852
1150	41.046501
1151	41.038986
1152	41.056412
1153	41.068886
1154	41.092049
1155	41.057846
1156	41.070034
1157	41.051952
1158	41.074108
1159	40.904331
1160	40.976521
1161	41.024017
1162	41.038578
1163	41.067802
1164	41.121944
1165	41.125710
1166	41.152157
1167	41.182106
1168	41.201668
1169	41.202671
1170	41.215191
1171	41.207630
1172	41.200115
1173	41.238049
1174	41.265465
1175	41.271286
1176	41.290592
1177	41.317757
1178	41.285286
1179	41.319374
1180	41.317345
1181	41.336231
1182	41.250263
1183	41.303070
1184	41.323345
1185	41.326378
1186	41.295113
1187	41.275963
1188	41.275291
1189	41.289402
1190	41.305084
1191	41.324959
1192	41.351112
1193	41.420372
1194	41.475780
1195	41.489342
1196	41.476757
1197	41.452038
1198	41.463024
1199	41.499649
1200	41.471817
1201	41.483246
1202	41.552448
1203	41.543354
1204	41.591743
1205	41.579185
1206	41.825493
1207	41.804272
1208	41.778507
1209	41.691975
1210	41.660835
1211	41.656433
1212	41.651447
1213	41.654781
1214	41.675026
1215	41.711731
1216	41.698616
1217	41.720348
1218	41.728947
1219	41.740219
1220	41.725800
1221	41.743561
1222	41.747517
1223	41.642281
1224	41.681141
1225	41.726875
1226	41.748817
1227	41.750256
1228	41.770451
1229	41.796860
1230	41.816521
1231	41.760475
1232	41.819641
1233	41.856720
1234	41.873199
1235	41.876129
1236	41.882866
1237	41.860424
1238	41.887882
1239	41.889339
1240	41.944706
1241	41.797100
1242	41.821110
1243	41.865219
1244	41.877068
1245	41.908520
1246	41.941006
1247	41.956741
1248	41.991302
1249	42.005768
1250	42.039314
1251	41.994373
1252	42.002365
1253	42.017548
1254	42.013580
1255	42.023590
1256	42.044781
1257	42.057339
1258	42.123055
1259	42.147789
1260	42.130959
1261	42.129211
1262	41.978401
1263	42.052574
1264	42.104591
1265	42.099327
1266	42.122948
1267	42.140381
1268	42.164581
1269	42.163433
1270	42.161049
1271	42.195763
1272	42.194237
1273	42.197411
1274	42.235107
1275	42.222786
1276	42.233437
1277	42.263927
1278	42.269279
1279	42.298462
1280	42.282257
1281	42.099369
1282	42.140560
1283	42.194023
1284	42.230934
1285	42.257530
1286	42.274414
1287	42.264484
1288	42.274120
1289	42.300873
1290	42.260750
1291	42.297497
1292	42.315178
1293	42.250221
1294	42.404800
1295	42.425922
1296	42.517529
1297	42.564445
1298	42.543385
1299	42.331707
1300	42.371845
1301	42.411278
1302	42.420849
1303	42.438763
1304	42.461884
1305	42.489170
1306	42.494884
1307	42.512642
1308	42.526848
1309	42.566044
1310	42.581287
1311	42.594948
1312	42.605873
1313	42.582386
1314	42.607544
1315	42.620346
1316	42.620335
1317	42.621788
1318	42.646389
1319	42.652885
1320	42.665409
1321	42.693005
1322	42.698967
1323	42.690556
1324	42.689686
1325	42.688988
1326	42.713333
1327	42.729881
1328	42.694778
1329	42.654976
1330	42.671474
1331	42.694927
1332	42.709297
1333	42.720791
1334	42.848640
1335	42.827873
1336	42.836159
1337	42.816422
1338	42.824070
1339	42.825794
1340	42.853539
1341	42.852299
1342	42.851307
1343	42.828541
1344	42.829369
1345	42.856400
1346	42.879490
1347	43.016613
1348	43.014984
1349	43.004890
1350	43.001213
1351	42.996803
1352	42.965446
1353	42.960869
1354	42.976250
1355	42.994411
1356	42.976715
1357	43.009434
1358	42.987267
1359	43.042778
1360	43.025661
1361	43.006111
1362	43.006584
1363	43.011356
1364	43.047401
1365	43.067448
1366	42.922352
1367	42.958618
1368	42.996422
1369	43.016411
1370	43.019218
1371	43.052223
1372	43.078629
1373	43.070457
1374	43.080032
1375	43.078903
1376	43.077999
1377	43.112434
1378	43.134121
1379	43.122173
1380	43.149239
1381	43.157707
1382	43.176201
1383	43.210037
1384	43.254684
1385	43.284542
1386	43.305500
1387	43.291504
1388	43.283237
1389	43.282482
1390	43.318501
1391	43.309227
1392	43.303276
1393	43.319023
1394	43.299393
1395	43.318844
1396	43.340263
1397	43.345680
1398	43.292885
1399	43.379559
1400	43.362469
1401	43.401531
1402	43.369793
1403	43.363445
1404	43.377411
1405	43.414955
1406	43.415688
1407	43.417740
1408	43.486767
1409	43.546383
1410	43.538410
1411	43.473438
1412	43.444897
1413	43.452827
1414	43.472359
1415	43.514351
1416	43.527435
1417	43.492489
1418	43.514336
1419	43.593342
1420	43.593555
1421	43.554176
1422	43.606171
1423	43.614075
1424	43.608681
1425	43.605827
1426	43.599152
1427	43.590881
1428	43.604774
1429	43.585125
1430	43.696846
1431	43.570889
1432	43.536041
1433	43.556507
1434	43.594852
1435	43.575722
1436	43.636589
1437	43.606182
1438	43.469063
1439	43.529289
1440	43.537922
1441	43.584377
1442	43.650841
1443	43.715729
1444	43.750061
1445	43.739441
1446	43.747059
1447	43.698952
1448	43.663399
1449	43.692085
1450	43.717964
1451	43.787006
1452	43.848099
1453	43.936523
1454	43.979431
1455	43.997643
1456	43.958015
1457	43.920452
1458	43.916771
1459	43.913826
1460	43.877777
1461	43.881165
1462	43.886803
1463	43.818073
1464	43.836330
1465	43.850937
1466	43.880199
1467	43.881638
1468	43.900368
1469	43.935860
1470	43.869038
1471	43.888821
1472	43.895859
1473	43.750607
1474	43.789680
1475	43.965965
1476	43.994194
1477	44.051933
1478	44.062969
1479	44.109886
1480	44.060993
1481	44.046780
1482	44.055916
1483	44.041252
1484	44.060284
1485	44.062325
1486	44.078606
1487	44.112141
1488	44.114067
1489	44.153694
1490	44.115082
1491	44.125206
1492	44.168465
1493	44.160591
1494	44.123528
1495	44.158333
1496	44.148090
1497	44.081303
1498	44.118690
1499	44.151531
1500	44.186592
1501	44.242474
1502	44.240303
1503	44.310345
1504	44.373707
1505	44.302811
1506	44.306152
1507	44.409904
1508	44.305401
1509	44.334595
1510	44.330116
1511	44.317741
1512	44.329815
1513	44.291134
1514	44.304134
1515	44.343834
1516	44.391705
1517	44.374336
1518	44.446873
1519	44.408218
1520	44.391945
1521	44.386250
1522	44.472515
1523	44.499046
1524	44.493904
1525	44.479534
1526	44.511986
1527	44.460308
1528	44.711941
1529	44.642246
1530	44.599678
1531	44.550972
1532	44.533978
1533	44.524780
1534	44.513023
1535	44.513874
1536	44.543854
1537	44.506310
1538	44.555382
1539	44.555084
1540	44.412758
1541	44.440987
1542	44.535347
1543	44.522942
1544	44.551109
1545	44.627842
1546	44.585224
1547	44.578960
1548	44.658913
1549	44.623260
1550	44.632828
1551	44.666847
1552	44.663300
1553	44.657532
1554	44.642662
1555	44.623444
1556	44.662270
1557	44.658173
1558	44.656361
1559	44.654915
1560	44.646431
1561	44.626457
1562	44.578255
1563	44.590961
1564	44.577690
1565	44.584648
1566	44.577034
1567	44.581196
1568	44.600639
1569	44.576641
1570	44.654125
1571	44.672169
1572	44.642658
1573	44.649811
1574	44.654068
1575	44.645752
1576	44.639099
1577	44.622059
1578	44.649445
1579	44.671352
1580	44.634682
1581	44.656612
1582	44.719566
1583	44.720127
1584	44.654655
1585	44.835194
1586	44.799446
1587	44.798679
1588	44.811249
1589	44.843277
1590	44.770752
1591	44.780117
1592	44.742199
1593	44.755810
1594	44.776955
1595	44.773361
1596	44.780739
1597	44.785179
1598	44.820957
1599	44.853973
1600	44.862808
1601	44.861088
1602	44.837738
1603	44.874722
1604	44.847179
1605	44.860302
1606	44.819530
1607	44.748829
1608	44.802132
1609	44.838913
1610	44.853691
1611	44.866978
1612	44.858562
1613	44.859154
1614	44.805428
1615	44.885494
1616	44.898277
1617	44.855770
1618	44.941883
1619	45.000519
1620	45.003483
1621	45.001457
1622	44.995445
1623	45.058018
1624	45.039227
1625	44.999290
1626	44.930721
1627	44.934460
1628	44.931591
1629	44.962990
1630	44.957344
1631	44.930855
1632	44.949215
1633	44.963905
1634	44.959541
1635	44.966305
1636	45.008339
1637	45.019993
1638	45.011738
1639	45.019783
1640	44.983738
1641	45.023750
1642	45.121681
1643	45.126778
1644	45.149899
1645	45.152283
1646	45.160049
1647	45.049072
1648	44.947105
1649	44.978329
1650	45.035534
1651	45.110596
1652	45.106194
1653	45.129036
1654	45.151707
1655	45.125896
1656	45.112572
1657	45.147324
1658	45.109207
1659	45.080177
1660	45.074532
1661	45.062691
1662	45.051754
1663	45.069374
1664	45.082005
1665	45.117012
1666	45.127438
1667	44.946812
1668	44.985420
1669	45.052925
1670	45.112793
1671	45.128456
1672	45.158566
1673	45.150429
1674	45.146847
1675	45.141052
1676	45.174503
1677	45.191010
1678	45.151482
1679	45.225330
1680	45.240459
1681	45.278931
1682	45.286270
1683	45.277493
1684	45.288048
1685	45.330189
1686	45.334602
1687	45.159416
1688	45.181870
1689	45.207157
1690	45.236176
1691	45.249138
1692	45.274158
1693	45.292706
1694	45.383720
1695	45.361313
1696	45.362434
1697	45.335495
1698	45.350567
1699	45.371410
1700	45.377831
1701	45.369785
1702	45.366280
1703	45.370800
1704	45.389061
1705	45.345078
1706	45.399250
1707	45.356159
1708	45.415440
1709	45.446747
1710	45.423454
1711	45.422401
1712	45.415699
1713	45.433769
1714	45.478992
1715	45.468292
1716	45.465595
1717	45.469292
1718	45.511803
1719	45.493080
1720	45.479565
1721	45.477539
1722	45.600433
1723	45.559589
1724	45.567928
1725	45.552624
1726	45.540382
1727	45.502758
1728	45.403809
1729	45.381779
1730	45.701073
1731	45.653282
1732	45.634094
1733	45.599701
1734	45.601482
1735	45.597046
1736	45.594963
1737	45.590370
1738	45.570580
1739	45.541565
1740	45.522747
1741	45.542850
1742	45.558933
1743	45.605492
1744	45.584145
1745	45.567066
1746	45.553398
1747	45.543934
1748	45.596420
1749	45.590069
1750	45.675808
1751	45.616955
1752	45.613823
1753	45.649403
1754	45.617805
1755	45.611572
1756	45.622700
1757	45.643318
1758	45.630516
1759	45.630531
1760	45.618824
1761	45.616783
1762	45.660561
1763	45.656029
1764	45.668518
1765	45.679974
1766	45.642262
1767	45.603302
1768	45.478386
1769	45.464882
1770	45.502419
1771	45.517799
1772	45.569653
1773	45.570118
1774	45.620296
1775	45.663368
1776	45.650951
1777	45.652737
1778	45.649773
1779	45.685486
1780	45.750679
1781	45.757423
1782	45.756958
1783	45.744865
1784	45.742516
1785	45.739174
1786	45.729176
1787	45.747543
1788	45.750519
1789	45.763153
1790	45.850899
1791	45.839062
1792	45.756348
1793	45.775139
1794	45.776989
1795	45.768215
1796	45.775845
1797	45.762905
1798	45.777458
1799	45.787636
1800	45.794312
1801	45.761566
1802	45.782246
1803	45.787071
1804	45.814369
1805	45.825951
1806	45.836681
1807	45.754444
1808	45.773617
1809	45.775772
1810	45.821442
1811	45.837471
1812	45.837109
1813	45.841213
1814	45.823990
1815	45.924469
1816	45.877411
1817	45.877850
1818	45.884060
1819	45.911003
1820	45.900330
1821	45.907906
1822	45.842186
1823	45.927307
1824	45.938274
1825	45.942654
1826	45.935905
1827	45.931969
1828	45.955189
1829	45.962044
1830	45.949951
1831	45.984222
1832	45.969158
1833	45.971756
1834	45.969440
1835	45.989559
1836	45.974892
1837	46.053978
1838	46.048401
1839	46.035149
1840	46.020153
1841	46.096050
1842	46.057156
1843	45.996742
1844	45.992359
1845	46.010826
1846	46.028526
1847	45.979698
1848	45.880577
1849	45.921398
1850	45.964310
1851	45.937115
1852	45.921219
1853	45.968559
1854	45.878990
1855	45.923058
1856	45.961243
1857	45.984467
1858	46.001579
1859	46.038708
1860	46.039116
1861	46.054089
1862	45.944481
1863	45.931507
1864	45.962143
1865	46.007160
1866	46.038780
1867	46.128529
1868	46.141731
1869	46.103954
1870	46.103031
1871	46.097897
1872	45.934120
1873	45.961304
1874	46.046040
1875	46.042049
1876	46.090126
1877	46.084644
1878	46.083187
1879	46.096672
1880	46.114784
1881	46.132202
1882	46.149067
1883	46.181602
1884	46.188587
1885	46.120934
1886	46.101967
1887	46.119019
1888	46.178070
1889	46.179901
1890	46.181366
1891	46.186932
1892	46.181129
1893	46.208717
1894	46.252758
1895	46.251369
1896	46.273701
1897	46.269588
1898	46.276558
1899	46.264549
1900	46.279846
1901	46.290619
1902	46.236248
1903	46.242558
1904	46.241745
1905	46.264534
1906	46.246143
1907	46.225571
1908	46.248665
1909	46.290577
1910	46.293346
1911	46.264797
1912	46.253677
1913	46.335606
1914	46.365990
1915	46.321449
1916	46.312183
1917	46.329674
1918	46.317299
1919	46.338158
1920	46.344593
1921	46.335094
1922	46.314308
1923	46.540848
1924	46.534576
1925	46.498798
1926	46.476036
1927	46.468079
1928	46.452923
1929	46.442268
1930	46.465969
1931	46.243225
1932	46.221771
1933	46.220722
1934	46.281410
1935	46.236206
1936	46.274750
1937	46.301189
1938	46.224197
1939	46.256355
1940	46.255714
1941	46.335770
1942	46.333893
1943	46.360222
1944	46.435490
1945	46.410744
1946	46.415844
1947	46.428719
1948	46.439014
1949	46.497059
1950	46.484901
1951	46.346264
1952	46.356941
1953	46.419682
1954	46.415672
1955	46.471062
1956	46.467030
1957	46.463806
1958	46.436321
1959	46.445099
1960	46.482883
1961	46.464771
1962	46.450279
1963	46.510464
1964	46.557148
1965	46.554943
1966	46.547321
1967	46.599815
1968	46.580284
1969	46.588100
1970	46.594353
1971	46.562733
1972	46.606285
1973	46.583996
1974	46.589607
1975	46.583839
1976	46.615849
1977	46.616554
1978	46.592213
1979	46.571278
1980	46.553062
1981	46.567787
1982	46.569313
1983	46.554420
1984	46.519066
1985	46.523014
1986	46.496876
1987	46.495007
1988	46.506695
1989	46.492607
1990	46.531143
1991	46.651329
1992	46.672768
1993	46.676735
1994	46.662331
1995	46.620045
1996	46.606728
1997	46.620975
1998	46.617725
1999	46.638561
2000	46.642048
2001	46.634583
2002	46.624214
2003	46.620316
2004	46.582039
2005	46.555809
2006	46.578773
2007	46.548805
2008	46.574638
2009	46.592373
2010	46.608025
2011	46.626408
2012	46.614746
2013	46.617134
2014	46.582420
2015	46.623501
2016	46.647575
2017	46.630215
2018	46.626579
2019	46.619278
2020	46.639805
2021	46.644508
2022	46.673172
2023	46.750301
2024	46.741692
2025	46.753849
2026	46.731346
2027	46.597618
2028	46.622475
2029	46.611599
2030	46.689323
2031	46.711952
2032	46.715408
2033	46.740147
2034	46.743824
2035	46.765808
2036	46.767281
2037	46.774319
2038	46.774090
2039	46.787090
2040	46.796028
2041	46.848587
2042	46.834969
2043	46.819679
2044	46.855789
2045	46.877354
2046	46.871166
2047	46.851570
2048	46.846146
2049	46.866707
2050	46.842140
2051	46.809303
2052	46.867996
2053	46.846104
2054	46.843239
2055	46.795536
2056	46.796925
2057	46.821472
2058	46.836716
2059	46.881138
2060	46.880054
2061	46.886513
2062	46.786205
2063	46.789459
2064	46.797920
2065	46.813480
2066	46.793701
2067	46.774948
2068	46.780453
2069	46.862495
2070	47.127350
2071	47.094601
2072	47.069866
2073	47.058868
2074	46.998802
2075	46.987370
2076	46.972363
2077	46.947174
2078	46.943138
2079	46.991177
2080	46.997383
2081	47.005276
2082	46.992546
2083	47.016056
2084	46.990917
2085	46.923931
2086	46.955303
2087	46.932060
2088	46.941299
2089	46.935509
2090	46.886929
2091	46.913982
2092	46.900471
2093	46.926281
2094	46.945465
2095	46.930050
2096	46.913322
2097	46.945351
2098	46.944607
2099	46.963055
2100	46.969025
2101	46.991379
2102	47.073715
2103	47.072201
2104	47.059273
2105	47.038673
2106	47.035378
2107	47.041531
2108	47.037666
2109	47.091702
2110	47.170086
2111	47.224007
2112	46.971241
2113	47.000477
2114	46.966736
2115	46.979294
2116	46.998131
2117	46.948746
2118	46.963436
2119	46.998627
2120	47.076584
2121	47.149204
2122	47.156029
2123	47.140984
2124	47.158241
2125	47.128105
2126	47.109856
2127	47.096718
2128	47.136013
2129	47.141083
2130	47.155392
2131	47.147797
2132	47.125607
2133	47.140083
2134	47.147270
2135	47.150089
2136	47.156738
2137	47.157661
2138	47.156937
2139	47.156357
2140	47.151497
2141	47.138821
2142	47.190205
2143	47.206409
2144	47.203259
2145	47.159721
2146	47.174698
2147	47.161777
2148	47.177807
2149	47.196491
2150	47.217297
2151	47.217827
2152	47.225578
2153	47.221523
2154	47.218281
2155	47.201038
2156	47.215076
2157	47.227772
2158	47.223278
2159	47.169880
2160	47.197472
2161	47.172672
2162	47.202637
2163	47.340870
2164	47.357704
2165	47.343338
2166	47.282040
2167	47.269623
2168	47.249435
2169	47.224495
2170	47.236771
2171	47.230476
2172	47.253273
2173	47.262722
2174	47.270283
2175	47.263145
2176	47.269157
2177	47.269569
2178	47.287479
2179	47.344288
2180	47.338463
2181	47.333805
2182	47.330078
2183	47.334419
2184	47.336430
2185	47.320457
2186	47.307682
2187	47.322365
2188	47.392708
2189	47.369877
2190	47.395557
2191	47.369225
2192	47.346695
2193	47.275936
2194	47.270599
2195	47.276585
2196	47.276978
2197	47.305122
2198	47.312992
2199	47.306103
2200	47.283012
2201	47.309952
2202	47.334435
2203	47.334976
2204	47.307579
2205	47.350117
2206	47.411976
2207	47.391151
2208	47.362770
2209	47.378151
2210	47.391922
2211	47.382431
2212	47.386559
2213	47.345913
2214	47.388103
2215	47.404278
2216	47.417217
2217	47.415852
2218	47.395714
2219	47.408901
2220	47.453144
2221	47.450451
2222	47.454155
2223	47.442471
2224	47.455097
2225	47.456409
2226	47.425232
2227	47.516014
2228	47.499283
2229	47.490292
2230	47.461128
2231	47.474419
2232	47.476265
2233	47.480671
2234	47.487122
2235	47.533302
2236	47.529228
2237	47.536224
2238	47.525707
2239	47.451374
2240	47.451965
2241	47.430466
2242	47.438171
2243	47.435543
2244	47.563816
2245	47.552174
2246	47.560436
2247	47.498199
2248	47.515797
2249	47.522545
2250	47.495720
2251	47.528461
2252	47.522423
2253	47.535175
2254	47.508751
2255	47.581367
2256	47.569145
2257	47.571087
2258	47.604866
2259	47.611382
2260	47.599018
2261	47.590588
2262	47.580914
2263	47.605404
2264	47.576653
2265	47.566841
2266	47.575104
2267	47.593433
2268	47.606628
2269	47.598145
2270	47.619190
2271	47.615517
2272	47.638947
2273	47.647438
2274	47.641045
2275	47.646187
2276	47.676666
2277	47.695190
2278	47.699757
2279	47.690224
2280	47.689922
2281	47.692612
2282	47.683044
2283	47.694435
2284	47.703545
2285	47.719624
2286	47.691467
2287	47.683594
2288	47.668507
2289	47.665222
2290	47.684570
2291	47.697121
2292	47.691048
2293	47.690582
2294	47.682884
2295	47.688446
2296	47.681175
2297	47.687080
2298	47.712311
2299	47.713451
2300	47.726082
2301	47.740582
2302	47.747787
2303	47.731579
2304	47.755234
2305	47.734608
2306	47.704918
2307	47.606461
2308	47.665394
2309	47.746231
2310	47.711292
2311	47.715569
2312	47.749748
2313	47.717033
2314	47.727486
2315	47.743172
2316	47.743999
2317	47.560089
2318	47.604858
2319	47.652393
2320	47.735832
2321	47.742523
2322	47.750805
2323	47.723736
2324	47.721127
2325	47.729294
2326	47.749012
2327	47.745743
2328	47.725548
2329	47.902752
2330	47.892174
2331	47.883709
2332	47.910629
2333	47.826698
2334	47.826935
2335	47.811012
2336	47.812920
2337	47.826164
2338	47.827972
2339	47.836742
2340	47.837898
2341	47.847614
2342	47.886147
2343	47.875957
2344	47.807747
2345	47.804451
2346	47.801811
2347	47.814350
2348	47.821449
2349	47.837383
2350	47.841343
2351	47.869411
2352	47.897728
2353	47.892548
2354	47.897194
2355	47.880402
2356	47.962181
2357	47.961689
2358	48.002312
2359	47.977680
2360	47.952114
2361	47.946312
2362	47.938740
2363	47.913639
2364	47.908207
2365	47.902397
2366	47.875774
2367	47.957016
2368	47.954628
2369	47.948322
2370	48.028236
2371	48.001350
2372	47.995953
2373	47.957943
2374	47.961227
2375	47.987293
2376	47.974453
2377	47.980293
2378	48.005474
2379	47.999252
2380	47.970837
2381	47.965683
2382	47.897106
2383	47.878868
2384	47.927265
2385	47.993813
2386	47.959160
2387	47.970989
2388	47.870586
2389	47.911850
2390	47.911171
2391	47.961895
2392	47.958530
2393	47.898705
2394	47.811295
2395	47.797035
2396	47.797344
2397	47.826889
2398	47.901794
2399	47.920704
2400	47.947548
2401	47.970490
2402	48.053295
2403	48.019932
2404	48.038651
2405	48.091713
2406	48.041878
2407	48.035698
2408	48.062981
2409	48.058441
2410	48.056274
2411	48.069191
2412	48.050224
2413	48.033588
2414	48.012955
2415	47.962757
2416	47.982658
2417	48.026409
2418	48.021858
2419	48.131012
2420	48.127514
2421	48.107140
2422	48.058613
2423	48.065201
2424	47.998695
2425	47.989433
2426	48.036224
2427	48.010670
2428	48.103020
2429	48.160786
2430	48.152798
2431	48.134689
2432	48.005943
2433	48.050896
2434	48.054634
2435	48.078133
2436	48.058846
2437	48.068317
2438	48.077358
2439	48.069942
2440	48.055222
2441	48.024403
2442	48.045158
2443	48.061760
2444	48.064789
2445	48.029125
2446	48.070908
2447	48.066246
2448	48.102070
2449	48.119011
2450	48.145744
2451	48.148090
2452	48.136784
2453	48.135063
2454	48.157124
2455	48.095669
2456	48.100704
2457	48.078365
2458	48.072212
2459	48.118561
2460	48.107300
2461	48.194969
2462	48.180145
2463	48.193188
2464	48.188972
2465	48.211967
2466	48.195210
2467	48.177406
2468	48.274498
2469	48.215935
2470	48.214497
2471	48.288055
2472	48.280983
2473	48.263603
2474	48.271675
2475	48.259087
2476	48.333981
2477	48.295750
2478	48.275417
2479	48.253292
2480	48.267818
2481	48.256004
2482	48.252411
2483	48.249535
2484	48.241375
2485	48.243637
2486	48.264488
2487	48.260662
2488	48.260532
2489	48.264824
2490	48.259468
2491	48.278618
2492	48.534180
2493	48.498390
2494	48.459503
2495	48.435719
2496	48.415226
2497	48.332912
2498	48.327122
2499	48.340065
2500	48.381184
2501	48.409687
2502	48.391472
2503	48.349068
2504	48.382526
2505	48.387321
2506	48.331097
2507	48.587883
2508	48.532562
2509	48.485374
2510	48.438835
2511	48.429436
2512	48.401409
2513	48.371666
2514	48.388885
2515	48.332348
2516	48.332527
2517	48.369293
2518	48.419212
2519	48.484055
2520	48.467079
2521	48.447639
2522	48.449665
2523	48.443962
2524	48.393990
2525	48.371590
2526	48.359528
2527	48.426052
2528	48.442650
2529	48.422234
2530	48.394184
2531	48.436199
2532	48.494713
2533	48.482929
2534	48.463249
2535	48.511959
2536	48.479149
2537	48.477802
2538	48.445961
2539	48.445393
2540	48.414177
2541	48.406780
2542	48.421375
2543	48.400822
2544	48.401958
2545	48.397007
2546	48.297829
2547	48.414780
2548	48.410194
2549	48.434357
2550	48.428783
2551	48.427258
2552	48.358650
2553	48.423885
2554	48.508301
2555	48.505516
2556	48.457878
2557	48.380219
2558	48.398659
2559	48.413410
2560	48.425213
2561	48.444908
2562	48.454803
2563	48.497879
2564	48.532341
2565	48.526215
2566	48.486156
2567	48.448250
2568	48.466267
2569	48.558319
2570	48.511841
2571	48.512745
2572	48.514935
2573	48.499107
2574	48.493767
2575	48.508537
2576	48.510101
2577	48.498169
2578	48.512062
2579	48.476299
2580	48.487244
2581	48.495995
2582	48.280338
2583	48.315826
2584	48.331032
2585	48.439877
2586	48.453712
2587	48.416435
2588	48.421772
2589	48.442158
2590	48.461395
2591	48.557350
2592	48.560871
2593	48.510952
2594	48.497387
2595	48.546593
2596	48.505390
2597	48.523701
2598	48.523701
2599	48.579365
2600	48.590202
2601	48.590080
2602	48.576801
2603	48.561787
2604	48.535126
2605	48.431763
2606	48.438427
2607	48.462807
2608	48.473518
2609	48.605137
2610	48.578594
2611	48.564686
2612	48.594574
2613	48.564281
2614	48.562023
2615	48.605629
2616	48.614143
2617	48.582867
2618	48.576893
2619	48.567719
2620	48.532543
2621	48.557140
2622	48.349762
2623	48.400658
2624	48.435516
2625	48.456078
2626	48.494503
2627	48.539894
2628	48.599644
2629	48.613750
2630	48.607460
2631	48.633186
2632	48.775352
2633	48.730877
2634	48.720203
2635	48.695549
2636	48.705124
2637	48.718643
2638	48.689903
2639	48.690353
2640	48.714149
2641	48.696564
2642	48.691288
2643	48.673882
2644	48.673141
2645	48.624207
2646	48.563087
2647	48.590366
2648	48.606331
2649	48.531208
2650	48.545818
2651	48.553112
2652	48.592640
2653	48.618401
2654	48.633152
2655	48.636162
2656	48.704491
2657	48.748898
2658	48.743408
2659	48.671631
2660	48.694778
2661	48.701576
2662	48.755356
2663	48.755898
2664	48.734360
2665	48.658531
2666	48.672581
2667	48.658916
2668	48.691933
2669	48.716881
2670	48.709007
2671	48.693916
2672	48.699425
2673	48.718479
2674	48.657551
2675	48.661541
2676	48.694031
2677	48.711235
2678	48.736717
2679	48.735130
2680	48.732395
2681	48.759502
2682	48.753357
2683	48.744045
2684	48.749779
2685	48.725067
2686	48.731667
2687	48.716438
2688	48.707188
2689	48.712971
2690	48.732246
2691	48.756454
2692	48.715759
2693	48.718361
2694	48.714584
2695	48.752579
2696	48.747818
2697	48.804070
2698	48.812447
2699	48.804501
2700	48.792286
2701	48.804485
2702	48.777626
2703	48.797153
2704	48.689724
2705	48.706322
2706	48.725460
2707	48.734913
2708	48.736614
2709	48.735046
2710	48.766018
2711	48.746849
2712	48.706612
2713	48.737411
2714	48.728359
2715	48.747486
2716	48.759857
2717	48.780006
2718	48.804916
2719	48.735485
2720	48.696056
2721	48.687950
2722	48.737129
2723	48.751572
2724	48.776310
2725	48.841511
2726	48.877556
2727	48.874168
2728	48.850948
2729	48.830910
2730	48.844173
2731	48.774220
2732	48.800285
2733	48.821140
2734	48.820244
2735	48.818062
2736	48.869053
2737	48.879082
2738	48.810932
2739	48.820869
2740	48.733601
2741	48.753143
2742	48.774635
2743	48.816734
2744	48.819649
2745	48.854210
2746	48.861351
2747	48.912472
2748	48.905029
2749	48.899075
2750	48.907494
2751	48.893723
2752	48.859268
2753	48.853676
2754	48.872643
2755	48.896603
2756	48.890869
2757	48.884819
2758	48.830170
2759	48.843582
2760	48.839664
2761	48.845318
2762	48.861561
2763	48.807171
2764	48.848621
2765	48.880318
2766	48.888096
2767	48.889923
2768	48.860622
2769	48.862083
2770	48.867649
2771	48.861847
2772	48.883572
2773	48.865795
2774	48.891125
2775	48.901134
2776	48.897423
2777	48.917892
2778	48.881535
2779	48.855377
2780	48.857887
2781	48.897984
2782	48.912483
2783	48.940193
2784	48.947716
2785	48.994747
2786	48.985497
2787	49.039619
2788	49.041904
2789	49.046661
2790	49.068047
2791	49.057320
2792	49.041416
2793	49.057991
2794	49.043419
2795	49.055199
2796	49.011887
2797	49.068058
2798	49.071980
2799	49.069256
2800	49.059753
2801	49.000881
2802	49.006519
2803	49.024212
2804	49.009071
2805	49.045296
2806	49.043514
2807	49.045021
2808	49.018394
2809	49.008812
2810	49.034836
2811	49.032219
2812	49.025730
2813	49.042511
2814	49.039822
2815	49.008373
2816	49.005188
2817	48.977737
2818	48.963100
2819	48.988014
2820	49.009407
2821	48.989902
2822	48.984550
2823	48.986130
2824	48.985928
2825	48.947681
2826	49.028412
2827	49.076881
2828	49.049740
2829	49.066113
2830	49.071888
2831	49.032562
2832	49.027470
2833	49.020466
2834	49.023651
2835	49.020340
2836	49.038200
2837	49.049557
2838	49.026417
2839	49.057709
2840	48.870338
2841	48.912338
2842	48.922501
2843	48.958462
2844	48.921314
2845	48.985344
2846	49.071728
2847	49.071983
2848	49.088303
2849	49.094032
2850	49.089828
2851	49.089394
2852	49.096371
2853	49.082909
2854	49.057491
2855	49.070850
2856	49.058098
2857	49.042038
2858	49.071671
2859	49.064613
2860	49.083870
2861	49.056797
2862	49.082012
2863	49.074352
2864	49.131214
2865	49.137154
2866	49.095028
2867	49.106739
2868	49.139545
2869	49.161396
2870	49.155437
2871	49.100868
2872	49.139244
2873	49.120140
2874	49.050655
2875	49.058056
2876	49.061047
2877	49.066368
2878	49.034004
2879	49.311340
2880	49.285648
2881	49.234333
2882	49.218182
2883	49.200867
2884	49.208988
2885	49.155426
2886	49.175564
2887	49.153587
2888	49.127220
2889	49.139816
2890	49.138176
2891	49.147118
2892	49.063450
2893	49.059502
2894	49.106148
2895	49.068760
2896	49.085724
2897	49.124199
2898	49.111031
2899	49.223549
2900	49.213951
2901	49.222385
2902	49.201302
2903	49.223984
2904	49.198185
2905	49.195122
2906	49.185349
2907	49.154091
2908	49.215515
2909	49.036133
2910	49.012749
2911	49.037987
2912	49.105053
2913	49.224625
2914	49.163540
2915	49.098560
2916	49.134468
2917	49.202747
2918	49.222210
2919	49.195301
2920	49.203072
2921	49.200497
2922	49.292191
2923	49.274723
2924	49.268074
2925	49.261288
2926	49.255859
2927	49.206108
2928	49.204391
2929	49.210342
2930	49.215103
2931	49.230629
2932	49.185921
2933	49.177986
2934	49.190681
2935	49.206699
2936	49.188751
2937	49.224201
2938	49.239372
2939	49.236862
2940	49.204094
2941	49.236473
2942	49.203781
2943	49.212784
2944	49.231705
2945	49.254169
2946	49.220867
2947	49.224987
2948	49.213634
2949	49.241173
2950	49.250023
2951	49.258568
2952	49.269798
2953	49.255344
2954	49.284798
2955	49.298107
2956	49.313148
2957	49.338367
2958	49.295551
2959	49.193916
2960	49.248840
2961	49.269341
2962	49.309181
2963	49.305893
2964	49.304726
2965	49.319908
2966	49.333519
2967	49.334152
2968	49.375679
2969	49.360558
2970	49.385082
2971	49.372475
2972	49.371178
2973	49.370140
2974	49.395679
2975	49.310638
2976	49.309990
2977	49.182030
2978	49.214428
2979	49.228626
2980	49.279533
2981	49.296825
2982	49.304798
2983	49.309711
2984	49.329754
2985	49.345787
2986	49.343967
2987	49.379131
2988	49.382362
2989	49.368832
2990	49.369728
2991	49.396812
2992	49.377464
2993	49.401539
2994	49.395893
2995	49.360615
2996	49.336784
2997	49.358742
2998	49.289879
2999	49.321217
3000	49.330170
3001	49.296318
3002	49.349804
3003	49.408707
3004	49.302017
3005	49.342644
3006	49.348778
3007	49.341965
3008	49.323330
3009	49.427078
3010	49.451485
3011	49.415340
3012	49.401073
3013	49.432140
3014	49.415977
3015	49.373753
3016	49.342903
3017	49.347523
3018	49.384907
3019	49.395771
3020	49.408855
3021	49.375378
3022	49.374962
3023	49.393677
3024	49.394001
3025	49.438206
3026	49.413506
3027	49.387886
3028	49.319054
3029	49.341625
3030	49.350891
3031	49.340725
3032	49.351635
3033	49.449722
3034	49.419792
3035	49.409035
3036	49.415077
3037	49.447742
3038	49.463615
3039	49.490967
3040	49.458645
3041	49.473804
3042	49.496189
3043	49.490654
3044	49.528709
3045	49.513744
3046	49.522278
3047	49.523247
3048	49.519630
3049	49.510876
3050	49.476036
3051	49.515553
3052	49.466595
3053	49.319031
3054	49.382622
3055	49.396873
3056	49.188545
3057	49.265053
3058	49.308678
3059	49.287910
3060	49.318176
3061	49.323345
3062	49.402187
3063	49.400806
3064	49.396770
3065	49.428699
3066	49.401508
3067	49.410515
3068	49.426514
3069	49.440777
3070	49.462440
3071	49.513466
3072	49.508873
3073	49.307442
3074	49.344055
3075	49.357231
3076	49.380959
3077	49.372105
3078	49.388458
3079	49.427910
3080	49.446289
3081	49.449272
3082	49.466309
3083	49.491657
3084	49.491425
3085	49.502960
3086	49.333473
3087	49.376598
3088	49.437466
3089	49.431957
3090	49.285461
3091	49.478813
3092	49.510448
3093	49.504993
3094	49.515278
3095	49.549873
3096	49.574623
3097	49.560730
3098	49.350391
3099	49.379875
3100	49.412254
3101	49.526051
3102	49.559959
3103	49.540211
3104	49.563961
3105	49.503857
3106	49.505577
3107	49.520142
3108	49.518608
3109	49.512989
3110	49.483589
3111	49.537708
3112	49.526802
3113	49.526867
3114	49.543034
3115	49.523735
3116	49.530273
3117	49.547222
3118	49.571037
3119	49.568115
3120	49.576031
3121	49.579433
3122	49.585087
3123	49.560310
3124	49.569786
3125	49.565651
3126	49.566734
3127	49.753639
3128	49.708336
3129	49.676491
3130	49.681774
3131	49.666958
3132	49.624340
3133	49.528725
3134	49.550377
3135	49.563305
3136	49.569252
3137	49.569618
3138	49.575768
3139	49.573364
3140	49.561188
3141	49.554375
3142	49.576759
3143	49.572693
3144	49.598736
3145	49.610783
3146	49.596977
3147	49.606445
3148	49.606697
3149	49.605431
3150	49.608814
3151	49.618843
3152	49.673744
3153	49.619518
3154	49.637661
3155	49.653641
3156	49.672283
3157	49.659367
3158	49.685654
3159	49.721333
3160	49.714718
3161	49.702103
3162	49.694939
3163	49.728760
3164	49.730915
3165	49.722385
3166	49.703842
3167	49.700726
3168	49.674797
3169	49.689209
3170	49.642143
3171	49.720215
3172	49.722614
3173	49.673260
3174	49.686516
3175	49.694191
3176	49.698864
3177	49.724575
3178	49.718777
3179	49.728786
3180	49.751442
3181	49.762245
3182	49.778210
3183	49.738247
3184	49.678444
3185	49.662830
3186	49.659126
3187	49.616615
3188	49.613365
3189	49.588795
3190	49.601364
3191	49.623138
3192	49.639091
3193	49.736816
3194	49.725639
3195	49.734276
3196	49.752907
3197	49.517315
3198	49.542717
3199	49.552784
3200	49.576950
3201	49.629974
3202	49.679718
3203	49.684357
3204	49.664631
3205	49.666428
3206	49.705952
3207	49.664326
3208	49.755539
3209	49.743549
3210	49.731026
3211	49.523251
3212	49.556252
3213	49.617809
3214	49.605530
3215	49.630867
3216	49.731701
3217	49.703972
3218	49.769676
3219	49.782692
3220	49.785778
3221	49.775063
3222	49.754772
3223	49.734146
3224	49.799675
3225	49.777393
3226	49.799118
3227	49.771088
3228	49.783821
3229	49.628475
3230	49.646294
3231	49.717674
3232	49.729370
3233	49.751911
3234	49.772873
3235	49.795502
3236	49.787239
3237	49.859730
3238	49.746330
3239	49.750832
3240	49.745644
3241	49.795692
3242	49.787392
3243	49.777821
3244	49.797997
3245	49.710133
3246	49.978222
3247	49.989079
3248	49.758991
3249	49.760960
3250	49.780113
3251	49.818871
3252	49.811790
3253	49.813454
3254	49.866051
3255	49.840748
3256	49.846870
3257	49.847374
3258	49.853638
3259	49.854256
3260	49.854748
3261	49.821449
3262	49.868053
3263	49.845280
3264	49.844639
3265	49.832405
3266	49.824085
3267	49.814499
3268	49.798042
3269	49.732140
3270	50.006081
3271	49.984997
3272	49.954948
3273	49.939697
3274	49.923103
3275	49.899574
3276	49.927624
3277	49.903191
3278	49.892433
3279	49.879433
3280	49.904186
3281	49.849281
3282	49.672054
3283	49.766117
3284	49.771053
3285	49.789650
3286	49.807457
3287	49.815845
3288	49.848923
3289	49.846088
3290	49.830635
3291	49.822670
3292	49.844128
3293	49.845181
3294	49.819656
3295	49.825603
3296	49.831825
3297	49.801647
3298	49.818520
3299	49.829090
3300	49.825829
3301	49.833473
3302	49.845448
3303	49.833054
3304	49.786518
3305	49.797630
3306	49.755249
3307	49.853180
3308	49.893440
3309	49.840687
3310	49.842430
3311	49.839428
3312	49.860466
3313	49.849464
3314	49.853844
3315	49.873463
3316	49.875973
3317	49.870659
3318	49.864941
3319	49.869156
3320	49.881317
3321	49.926201
3322	49.837597
3323	49.842888
3324	49.891064
3325	49.879799
3326	49.901550
3327	49.902840
3328	49.896545
3329	49.847565
3330	49.653103
3331	49.742165
3332	49.779724
3333	49.786335
3334	49.806271
3335	49.807571
3336	49.858418
3337	49.852219
3338	49.857513
3339	49.876396
3340	49.762596
3341	49.598312
3342	49.691010
3343	49.795929
3344	49.806622
3345	49.823967
3346	49.790966
3347	49.927166
3348	49.924797
3349	49.884815
3350	49.901169
3351	49.921577
3352	49.921791
3353	49.933678
3354	49.947582
3355	49.903042
3356	49.927467
3357	49.894276
3358	49.902878
3359	49.944916
3360	49.955109
3361	49.932503
3362	49.923206
3363	49.949459
3364	49.945560
3365	49.936581
3366	49.914749
3367	49.898750
3368	49.891808
3369	49.908226
3370	50.000465
3371	49.986366
3372	49.967762
3373	49.964596
3374	50.061676
3375	50.049980
3376	50.018654
3377	50.009705
3378	49.927837
3379	49.915077
3380	49.966393
3381	49.959106
3382	49.931305
3383	49.913460
3384	49.925549
3385	49.929359
3386	49.935341
3387	49.929871
3388	49.824421
3389	49.851387
3390	49.938881
3391	50.026451
3392	50.071606
3393	50.022770
3394	50.027645
3395	50.022758
3396	50.010059
3397	49.995506
3398	50.051247
3399	50.129528
3400	50.092545
3401	50.065887
3402	50.113411
3403	50.091370
3404	50.069344
3405	50.072227
3406	50.002758
3407	49.951576
3408	50.019032
3409	50.007076
3410	50.013626
3411	49.991035
3412	49.970032
3413	49.979595
3414	49.976994
3415	49.979305
3416	50.044147
3417	50.071114
3418	50.032631
3419	49.969616
3420	49.944107
3421	49.955925
3422	49.952198
3423	49.956539
3424	50.021538
3425	49.994434
3426	49.996189
3427	50.045933
3428	50.040318
3429	50.005062
3430	50.006157
3431	50.008495
3432	50.022087
3433	50.008057
3434	50.024666
3435	50.040882
3436	50.011375
3437	49.981911
3438	49.959801
3439	49.949440
3440	50.026112
3441	50.030319
3442	50.029289
3443	50.054832
3444	50.022533
3445	50.004021
3446	49.978954
3447	49.953041
3448	50.008484
3449	50.013287
3450	50.036171
3451	50.017860
3452	50.022255
3453	49.999401
3454	50.020668
3455	50.052330
3456	50.124535
3457	50.092945
3458	50.098434
3459	50.047161
3460	50.094036
3461	50.100773
3462	50.085655
3463	50.098461
3464	50.079411
3465	50.077354
3466	50.105003
3467	50.080250
3468	50.086815
3469	50.075951
3470	50.077515
3471	50.080231
3472	50.042854
3473	50.053967
3474	50.103874
3475	50.174561
3476	50.225250
3477	50.226250
3478	50.168457
3479	50.150055
3480	50.145588
3481	50.206470
3482	50.186325
3483	50.309372
3484	50.214447
3485	50.197102
3486	50.150997
3487	50.209332
3488	50.050915
3489	50.086784
3490	50.092041
3491	50.102104
3492	50.110157
3493	50.107811
3494	50.120583
3495	50.171814
3496	50.173248
3497	50.165607
3498	50.169746
3499	50.096886
3500	50.163109
3501	50.372829
3502	50.331131
3503	50.283123
3504	50.254971
3505	50.213406
3506	50.140602
3507	50.161461
3508	50.141529
3509	50.129978
3510	50.132454
3511	50.106606
3512	50.118153
3513	50.139107
3514	50.135365
3515	50.122116
3516	50.130562
3517	50.209095
3518	50.175240
3519	50.417690
3520	50.343582
3521	50.303337
3522	50.241844
3523	50.267357
3524	50.232105
3525	50.215622
3526	50.237591
3527	50.222939
3528	50.211220
3529	50.203308
3530	50.191120
3531	50.247292
3532	50.179432
3533	50.242332
3534	50.215015
3535	50.203415
3536	50.207317
3537	50.242668
3538	50.432083
3539	50.349236
3540	50.315186
3541	50.293804
3542	50.262051
3543	50.232254
3544	50.211346
3545	50.259075
3546	50.248917
3547	50.243721
3548	50.211731
3549	50.205181
3550	50.202873
3551	50.138039
3552	50.188709
3553	50.188229
3554	50.195168
3555	50.184608
3556	50.180553
3557	50.172916
3558	50.172665
3559	50.248638
3560	50.217129
3561	50.213894
3562	50.202518
3563	50.203671
3564	50.204594
3565	50.256603
3566	50.246941
3567	50.180614
3568	50.161247
3569	50.160400
3570	50.041069
3571	50.080372
3572	50.111813
3573	50.163338
3574	50.166466
3575	50.166039
3576	50.177418
3577	50.190914
3578	50.198784
3579	50.287109
3580	50.240582
3581	50.241447
3582	50.242138
3583	50.226578
3584	50.203876
3585	50.175461
3586	50.179096
3587	50.192257
3588	50.207180
3589	50.219120
3590	50.173008
3591	50.244518
3592	50.250454
3593	50.357746
3594	50.157928
3595	50.170929
3596	50.131523
3597	50.158592
3598	50.194897
3599	50.203434
3600	50.210262
3601	50.184963
3602	50.198418
3603	50.198925
3604	50.234489
3605	50.265869
3606	50.261677
3607	50.270042
3608	50.241577
3609	50.130913
3610	50.155174
3611	50.205345
3612	50.292358
3613	50.268219
3614	50.221077
3615	50.263927
3616	50.219109
3617	50.228661
3618	50.262672
3619	50.272301
3620	50.275612
3621	50.272400
3622	50.261040
3623	50.221191
3624	50.228863
3625	50.226212
3626	50.227020
3627	50.227669
3628	50.254555
3629	50.196960
3630	50.213875
3631	50.221546
3632	50.243797
3633	50.255737
3634	50.212555
3635	50.208771
3636	50.242363
3637	50.237011
3638	50.264961
3639	50.263878
3640	50.229321
3641	50.248554
3642	50.268333
3643	50.268044
3644	50.250233
3645	50.271141
3646	50.301048
3647	50.308861
3648	50.323902
3649	50.286129
3650	50.291069
3651	50.292091
3652	50.260681
3653	50.266315
3654	50.089180
3655	50.126183
3656	50.170433
3657	50.219017
3658	50.222729
3659	50.315056
3660	50.305420
3661	50.310894
3662	50.331390
3663	50.346321
3664	50.355335
3665	50.308346
3666	50.313240
3667	50.325939
3668	50.289223
3669	50.273033
3670	50.268871
3671	50.182045
3672	50.234169
3673	50.234852
3674	50.245655
3675	50.263084
3676	50.281422
3677	50.284374
3678	50.295525
3679	50.278076
3680	50.296345
3681	50.316822
3682	50.374218
3683	50.408417
3684	50.311260
3685	50.321430
3686	50.311985
3687	50.319080
3688	50.305710
3689	50.334564
3690	50.379620
3691	50.373188
3692	50.391479
3693	50.375347
3694	50.369770
3695	50.371166
3696	50.373749
3697	50.447590
3698	50.427563
3699	50.440838
3700	50.408978
3701	50.403999
3702	50.385365
3703	50.426125
3704	50.420643
3705	50.404541
3706	50.409233
3707	50.399803
3708	50.403980
3709	50.331150
3710	50.341736
3711	50.325298
3712	50.300430
3713	50.317158
3714	50.326149
3715	50.317223
3716	50.318871
3717	50.353882
3718	50.374565
3719	50.316406
3720	50.305035
3721	50.335491
3722	50.346672
3723	50.348289
3724	50.383278
3725	50.371716
3726	50.359539
3727	50.374702
3728	50.350208
3729	50.311569
3730	50.334858
3731	50.297825
3732	50.284309
3733	50.318909
3734	50.348053
3735	50.375763
3736	50.384747
3737	50.365570
3738	50.417610
3739	50.391857
3740	50.403484
3741	50.446480
3742	50.450111
3743	50.445690
3744	50.426044
3745	50.392746
3746	50.451069
3747	50.444996
3748	50.440136
3749	50.431854
3750	50.417900
3751	50.433105
3752	50.429157
3753	50.351292
3754	50.357849
3755	50.373344
3756	50.384277
3757	50.387165
3758	50.698563
3759	50.518475
3760	50.522358
3761	50.504955
3762	50.483711
3763	50.457924
3764	50.453407
3765	50.487877
3766	50.478832
3767	50.474529
3768	50.472553
3769	50.468040
3770	50.473217
3771	50.481758
3772	50.482727
3773	50.495220
3774	50.475922
3775	50.445831
3776	50.432014
3777	50.467834
3778	50.437897
3779	50.435921
3780	50.424084
3781	50.439522
3782	50.454796
3783	50.462624
3784	50.493786
3785	50.493816
3786	50.492378
3787	50.504406
3788	50.511101
3789	50.482765
3790	50.448376
3791	50.456024
3792	50.485577
3793	50.463814
3794	50.465443
3795	50.469677
3796	50.484783
3797	50.466106
3798	50.467278
3799	50.460888
3800	50.444061
3801	50.429131
3802	50.398144
3803	50.364567
3804	50.396301
3805	50.483212
3806	50.478035
3807	50.448986
3808	50.403774
3809	50.417412
3810	50.447365
3811	50.439098
3812	50.436882
3813	50.416065
3814	50.428711
3815	50.476910
3816	50.490570
3817	50.480988
3818	50.509941
3819	50.492088
3820	50.504173
3821	50.531422
3822	50.547363
3823	50.555717
3824	50.553612
3825	50.455250
3826	50.489357
3827	50.484413
3828	50.462879
3829	50.455910
3830	50.462048
3831	50.373207
3832	50.378307
3833	50.420479
3834	50.436634
3835	50.434914
3836	50.448181
3837	50.467583
3838	50.475780
3839	50.491131
3840	50.493156
3841	50.505028
3842	50.476440
3843	50.460896
3844	50.467506
3845	50.318981
3846	50.352509
3847	50.370537
3848	50.442089
3849	50.470039
3850	50.489464
3851	50.488892
3852	50.542637
3853	50.538757
3854	50.556160
3855	50.523205
3856	50.719501
3857	50.671459
3858	50.659393
3859	50.629230
3860	50.605103
3861	50.597515
3862	50.576801
3863	50.561695
3864	50.631641
3865	50.623146
3866	50.546032
3867	50.526825
3868	50.587631
3869	50.369671
3870	50.394524
3871	50.481789
3872	50.475426
3873	50.482056
3874	50.570858
3875	50.536430
3876	50.525002
3877	50.570061
3878	50.565086
3879	50.503979
3880	50.475605
3881	50.490990
3882	50.627811
3883	50.617149
3884	50.614479
3885	50.587440
3886	50.589245
3887	50.636101
3888	50.666264
3889	50.580528
3890	50.589577
3891	50.586559
3892	50.581219
3893	50.590130
3894	50.644135
3895	50.583332
3896	50.625511
3897	50.628490
3898	50.625019
3899	50.629566
3900	50.661034
3901	50.636402
3902	50.688477
3903	50.651031
3904	50.684067
3905	50.657757
3906	50.603020
3907	50.576805
3908	50.545582
3909	50.590919
3910	50.606678
3911	50.607567
3912	50.536499
3913	50.545563
3914	50.646568
3915	50.446117
3916	50.482048
3917	50.512257
3918	50.810356
3919	50.728027
3920	50.760311
3921	50.790535
3922	50.813248
3923	50.914913
3924	50.820465
3925	50.774200
3926	50.738655
3927	50.726330
3928	50.769207
3929	50.730267
3930	50.725483
3931	50.686501
3932	50.683144
3933	50.664345
3934	50.668346
3935	50.656902
3936	50.659466
3937	50.642475
3938	50.666969
3939	50.616249
3940	50.651848
3941	50.673000
3942	50.625469
3943	50.584515
3944	50.601555
3945	50.591747
3946	50.635174
3947	50.643547
3948	50.688332
3949	50.669960
3950	50.666981
3951	50.667530
3952	50.666504
3953	50.651031
3954	50.628399
3955	50.626411
3956	50.614563
3957	50.606548
3958	50.638226
3959	50.640129
3960	50.599171
3961	50.601562
3962	50.612263
3963	50.648659
3964	50.645546
3965	50.610828
3966	50.634327
3967	50.650196
3968	50.649708
3969	50.611229
3970	50.633179
3971	50.568707
3972	50.547894
3973	50.520988
3974	50.477489
3975	50.498360
3976	50.537025
3977	50.559166
3978	50.612038
3979	50.648476
3980	50.632214
3981	50.639717
3982	50.702847
3983	50.658134
3984	50.657520
3985	50.657032
3986	50.665428
3987	50.663353
3988	50.655834
3989	50.636639
3990	50.603706
3991	50.599327
3992	50.576782
3993	50.599762
3994	50.626934
3995	50.634026
3996	50.683647
3997	50.689648
3998	50.731071
3999	50.746635
4000	50.775200
4001	50.736523
4002	50.759785
4003	50.727123
4004	50.708321
4005	50.659584
4006	50.686516
4007	50.672901
4008	50.670799
4009	50.641285
4010	50.633789
4011	50.623394
4012	50.754242
4013	50.727081
4014	50.712677
4015	50.693829
4016	50.728558
4017	50.762199
4018	50.774467
4019	50.738869
4020	50.739685
4021	50.734478
4022	50.784515
4023	50.784996
4024	50.770729
4025	50.768105
4026	50.768936
4027	50.750557
4028	50.794449
4029	50.792942
4030	50.711170
4031	50.726318
4032	50.698883
4033	50.694511
4034	50.718849
4035	50.710487
4036	50.709656
4037	50.703133
4038	50.715492
4039	50.719521
4040	50.809170
4041	50.816437
4042	50.791485
4043	50.802288
4044	50.766987
4045	50.776833
4046	50.800819
4047	50.803898
4048	50.771202
4049	50.693775
4050	50.675781
4051	50.658455
4052	50.755924
4053	50.762123
4054	50.745106
4055	50.747608
4056	50.802345
4057	50.813908
4058	50.793861
4059	50.788078
4060	50.823002
4061	50.848011
4062	50.844582
4063	50.830116
4064	50.849308
4065	50.883705
4066	50.791100
4067	50.794655
4068	50.778454
4069	50.774284
4070	50.791458
4071	50.787621
4072	50.777222
4073	50.806992
4074	50.776604
4075	50.752296
4076	50.747498
4077	50.743660
4078	50.768425
4079	50.766262
4080	50.770393
4081	50.769302
4082	50.844601
4083	50.843315
4084	50.827641
4085	50.815102
4086	50.800671
4087	50.783272
4088	50.805973
4089	50.800697
4090	50.805264
4091	50.763508
4092	50.774048
4093	50.783943
4094	50.699574
4095	50.709717
4096	50.745663
4097	50.765633
4098	50.756702
4099	50.737843
4100	50.750587
4101	50.747597
4102	50.765713
4103	50.767021
4104	50.751953
4105	50.717926
4106	50.743443
4107	50.752136
4108	50.778133
4109	50.743267
4110	50.658245
4111	50.748432
4112	50.666771
4113	50.642456
4114	50.687462
4115	50.686840
4116	50.681953
4117	50.689758
4118	50.739952
4119	50.739086
4120	50.742790
4121	50.742821
4122	50.789726
4123	50.815529
4124	50.805412
4125	50.876419
4126	50.846794
4127	50.852394
4128	50.855412
4129	50.841713
4130	50.833683
4131	50.831654
4132	50.796337
4133	50.787128
4134	50.795876
4135	50.780895
4136	50.767448
4137	50.758156
4138	50.766838
4139	50.770851
4140	50.774063
4141	50.766376
4142	50.745583
4143	50.750919
4144	50.799133
4145	50.748344
4146	50.742870
4147	50.814667
4148	50.820835
4149	50.619225
4150	50.648369
4151	50.771294
4152	50.789066
4153	50.779846
4154	50.782722
4155	50.789421
4156	50.812355
4157	50.874649
4158	50.846844
4159	50.808491
4160	50.840797
4161	50.831486
4162	50.854797
4163	50.867588
4164	50.855846
4165	50.858173
4166	50.773609
4167	50.786522
4168	50.782204
4169	50.815372
4170	50.821400
4171	50.829151
4172	50.964256
4173	50.950760
4174	50.903339
4175	50.899097
4176	50.904491
4177	50.888298
4178	50.884132
4179	50.893986
4180	50.878429
4181	50.864521
4182	50.775757
4183	50.798496
4184	50.854774
4185	50.984760
4186	50.949585
4187	50.903862
4188	50.899513
4189	50.887245
4190	50.934563
4191	50.883057
4192	50.890194
4193	50.891510
4194	50.851543
4195	50.788811
4196	50.813332
4197	50.847599
4198	50.851574
4199	50.886982
4200	50.907982
4201	50.951149
4202	51.026699
4203	51.006573
4204	50.967033
4205	50.977882
4206	50.966057
4207	50.997612
4208	50.936424
4209	50.915310
4210	50.911602
4211	50.923286
4212	50.901871
4213	50.934544
4214	50.919666
4215	50.900440
4216	50.912891
4217	50.928711
4218	50.866657
4219	50.897583
4220	50.891563
4221	50.932156
4222	50.938263
4223	50.913853
4224	50.910439
4225	50.894524
4226	50.867142
4227	50.849632
4228	50.878105
4229	50.890629
4230	50.906506
4231	50.930927
4232	50.929955
4233	50.940895
4234	50.945255
4235	50.944347
4236	50.943623
4237	50.954762
4238	50.982716
4239	50.980175
4240	50.954704
4241	51.014896
4242	51.002991
4243	50.967098
4244	50.964752
4245	50.949692
4246	50.952293
4247	50.917751
4248	50.900372
4249	50.918694
4250	50.877686
4251	50.891758
4252	50.923523
4253	50.921104
4254	50.888405
4255	50.838806
4256	50.879696
4257	50.912407
4258	50.847755
4259	50.897110
4260	50.933662
4261	50.918961
4262	50.942356
4263	50.902477
4264	50.848602
4265	50.861168
4266	50.900517
4267	50.901234
4268	50.917919
4269	50.940056
4270	50.921146
4271	50.948498
4272	50.905926
4273	50.839642
4274	50.862785
4275	50.878372
4276	50.886448
4277	50.916344
4278	50.754223
4279	50.749043
4280	50.791771
4281	50.834743
4282	50.842754
4283	50.869671
4284	50.916107
4285	50.945930
4286	50.987370
4287	51.029308
4288	51.010124
4289	51.031399
4290	51.033772
4291	51.012230
4292	51.167854
4293	51.131218
4294	51.101906
4295	51.094570
4296	50.964191
4297	50.965355
4298	50.969215
4299	50.956192
4300	50.935520
4301	50.970253
4302	50.924793
4303	50.895752
4304	50.957481
4305	50.930691
4306	50.945881
4307	50.947777
4308	50.944901
4309	50.983616
4310	51.005798
4311	50.969345
4312	51.052975
4313	51.056892
4314	51.055630
4315	51.022392
4316	51.017776
4317	51.008224
4318	51.013767
4319	50.961071
4320	50.976044
4321	50.938217
4322	50.997311
4323	51.018219
4324	50.999790
4325	51.020203
4326	50.986729
4327	51.018543
4328	51.007374
4329	51.008690
4330	51.006813
4331	51.002384
4332	51.086731
4333	51.051670
4334	51.020691
4335	51.023739
4336	51.027641
4337	51.019047
4338	51.016563
4339	51.020439
4340	51.019142
4341	50.981483
4342	51.012882
4343	50.935463
4344	50.998039
4345	51.002689
4346	51.003479
4347	51.011436
4348	51.010475
4349	51.005314
4350	51.026085
4351	51.013405
4352	51.091152
4353	51.091827
4354	51.019123
4355	51.007835
4356	51.001736
4357	50.957306
4358	51.003792
4359	51.023403
4360	51.175327
4361	51.156239
4362	51.121925
4363	51.076897
4364	51.074562
4365	51.050724
4366	51.027260
4367	50.976261
4368	51.054115
4369	50.999210
4370	51.015343
4371	51.023857
4372	51.018948
4373	50.814335
4374	50.864513
4375	50.938347
4376	50.985695
4377	51.008926
4378	51.028976
4379	51.017185
4380	51.023865
4381	51.026279
4382	51.023815
4383	51.042351
4384	51.033745
4385	51.056156
4386	51.094593
4387	51.090187
4388	51.120354
4389	51.109329
4390	51.093185
4391	51.074409
4392	51.056461
4393	51.059681
4394	51.027100
4395	51.023006
4396	51.038776
4397	51.003052
4398	51.063828
4399	51.046532
4400	51.020973
4401	51.025429
4402	51.009953
4403	50.984386
4404	51.006416
4405	51.051872
4406	51.079445
4407	51.075138
4408	51.089272
4409	51.100578
4410	51.111088
4411	51.116566
4412	51.150246
4413	51.177189
4414	50.987801
4415	51.003288
4416	51.084526
4417	51.115822
4418	51.118889
4419	51.105228
4420	51.110413
4421	51.123348
4422	51.108795
4423	51.082504
4424	51.166943
4425	51.124626
4426	51.109818
4427	51.147774
4428	51.129799
4429	51.112492
4430	51.152843
4431	51.144112
4432	51.157631
4433	51.137688
4434	51.134914
4435	51.085823
4436	51.102211
4437	51.116787
4438	51.103546
4439	51.106136
4440	51.081841
4441	51.055080
4442	51.082012
4443	51.124065
4444	51.107903
4445	51.064213
4446	51.111290
4447	51.071316
4448	51.077423
4449	51.278603
4450	51.263756
4451	51.225513
4452	51.191994
4453	51.185684
4454	51.183567
4455	51.130604
4456	51.101418
4457	51.114689
4458	51.093079
4459	51.061142
4460	51.067818
4461	51.077553
4462	51.388569
4463	51.348804
4464	51.344826
4465	51.274254
4466	51.238304
4467	51.213940
4468	51.217888
4469	51.223980
4470	51.205414
4471	51.171516
4472	51.145866
4473	51.144386
4474	51.150528
4475	51.165695
4476	51.176365
4477	51.187828
4478	51.186745
4479	51.180019
4480	51.203938
4481	51.214283
4482	51.180077
4483	51.186405
4484	51.153381
4485	51.138680
4486	51.148891
4487	51.148273
4488	51.168285
4489	51.181366
4490	51.207947
4491	51.175011
4492	51.185280
4493	51.149551
4494	51.145870
4495	51.169292
4496	51.129436
4497	51.151752
4498	51.134449
4499	51.082520
4500	51.092247
4501	51.245049
4502	51.226662
4503	51.209023
4504	51.180264
4505	51.204132
4506	51.246666
4507	51.154716
4508	51.185158
4509	51.175819
4510	51.171280
4511	51.142746
4512	51.159470
4513	51.222656
4514	51.169197
4515	51.237762
4516	51.201794
4517	51.209637
4518	51.214447
4519	51.180210
4520	51.110340
4521	51.110107
4522	51.136288
4523	51.114754
4524	51.153191
4525	51.181007
4526	51.137344
4527	51.117062
4528	51.147713
4529	51.154655
4530	51.148491
4531	51.178715
4532	51.172131
4533	51.225456
4534	51.194878
4535	51.179203
4536	51.201820
4537	51.241890
4538	51.228527
4539	51.025944
4540	51.088001
4541	51.029247
4542	51.034981
4543	50.982437
4544	51.001926
4545	51.035095
4546	51.051376
4547	51.086372
4548	51.117302
4549	51.164017
4550	51.164768
4551	51.188805
4552	51.199245
4553	51.204670
4554	51.187035
4555	51.203693
4556	51.202370
4557	51.204235
4558	51.208660
4559	51.194622
4560	51.200970
4561	51.266106
4562	51.268414
4563	51.185295
4564	51.196438
4565	51.167267
4566	51.157112
4567	51.173893
4568	51.156555
4569	51.180771
4570	51.203075
4571	51.219452
4572	51.222301
4573	51.187958
4574	51.191246
4575	51.270050
4576	51.237877
4577	51.247295
4578	51.288521
4579	51.334686
4580	51.326210
4581	51.356049
4582	51.314003
4583	51.321381
4584	51.314098
4585	51.235027
4586	51.202534
4587	51.214622
4588	51.230156
4589	51.239655
4590	51.256042
4591	51.296986
4592	51.271141
4593	51.333965
4594	51.289009
4595	51.266224
4596	51.249462
4597	51.233124
4598	51.236168
4599	51.264973
4600	51.235279
4601	51.243752
4602	51.256390
4603	51.291401
4604	51.152416
4605	51.137909
4606	51.159996
4607	51.158623
4608	51.214653
4609	51.231647
4610	51.223267
4611	51.200451
4612	51.204170
4613	51.242302
4614	51.214211
4615	51.222504
4616	51.202770
4617	51.232391
4618	51.254627
4619	51.287060
4620	51.257343
4621	51.261402
4622	51.254395
4623	51.260509
4624	51.272724
4625	51.228294
4626	51.252815
4627	51.247528
4628	51.275524
4629	51.281807
4630	51.291229
4631	51.270935
4632	51.247375
4633	51.232922
4634	51.181805
4635	51.230267
4636	51.283684
4637	51.289803
4638	51.285908
4639	51.322338
4640	51.328045
4641	51.268158
4642	51.283241
4643	51.232311
4644	51.247234
4645	51.272358
4646	51.273415
4647	51.222984
4648	51.258820
4649	51.239147
4650	51.271748
4651	51.281715
4652	51.297016
4653	51.259449
4654	51.258690
4655	51.335724
4656	51.294811
4657	51.336784
4658	51.348396
4659	51.315197
4660	51.329659
4661	51.332439
4662	51.337593
4663	51.303627
4664	51.294037
4665	51.303944
4666	51.275246
4667	51.280121
4668	51.301598
4669	51.326103
4670	51.319344
4671	51.334442
4672	51.271812
4673	51.268585
4674	51.285046
4675	51.320183
4676	51.329254
4677	51.316002
4678	51.318584
4679	51.314789
4680	51.302967
4681	51.337452
4682	51.353321
4683	51.376270
4684	51.358009
4685	51.359516
4686	51.343140
4687	51.315392
4688	51.148170
4689	51.226799
4690	51.228180
4691	51.270302
4692	51.238075
4693	51.270893
4694	51.281029
4695	51.271564
4696	51.302074
4697	51.370430
4698	51.445625
4699	51.407635
4700	51.393353
4701	51.367279
4702	51.186749
4703	51.223969
4704	51.239098
4705	51.262920
4706	51.317131
4707	51.322418
4708	51.196270
4709	51.230122
4710	51.261597
4711	51.316078
4712	51.345013
4713	51.360832
4714	51.355915
4715	51.369556
4716	51.358498
4717	51.365765
4718	51.378899
4719	51.390877
4720	51.415108
4721	51.428631
4722	51.417473
4723	51.443707
4724	51.457367
4725	51.439003
4726	51.386219
4727	51.399658
4728	51.350353
4729	51.369499
4730	51.380424
4731	51.364265
4732	51.408466
4733	51.408669
4734	51.404438
4735	51.409840
4736	51.393654
4737	51.370453
4738	51.411949
4739	51.342602
4740	51.367695
4741	51.389233
4742	51.394745
4743	51.393299
4744	51.355518
4745	51.317970
4746	51.304047
4747	51.306091
4748	51.339954
4749	51.345070
4750	51.344769
4751	51.365032
4752	51.335835
4753	51.328590
4754	51.318401
4755	51.333687
4756	51.345917
4757	51.380604
4758	51.396629
4759	51.378693
4760	51.378990
4761	51.407063
4762	51.404613
4763	51.383614
4764	51.372673
4765	51.375641
4766	51.380943
4767	51.395439
4768	51.398247
4769	51.385845
4770	51.383247
4771	51.426582
4772	51.433418
4773	51.438885
4774	51.415424
4775	51.425953
4776	51.418262
4777	51.398926
4778	51.358559
4779	51.368744
4780	51.384216
4781	51.384876
4782	51.366356
4783	51.398418
4784	51.384514
4785	51.379253
4786	51.355999
4787	51.362297
4788	51.412750
4789	51.385731
4790	51.416847
4791	51.425629
4792	51.457558
4793	51.443550
4794	51.449921
4795	51.418396
4796	51.385853
4797	51.469677
4798	51.462029
4799	51.455914
4800	51.415863
4801	51.418983
4802	51.406830
4803	51.468884
4804	51.445282
4805	51.445446
4806	51.427998
4807	51.431618
4808	51.397896
4809	51.388496
4810	51.353138
4811	51.379051
4812	51.382210
4813	51.415497
4814	51.409901
4815	51.471336
4816	51.530743
4817	51.507954
4818	51.485329
4819	51.452583
4820	51.427849
4821	51.422710
4822	51.384907
4823	51.392750
4824	51.412209
4825	51.489300
4826	51.480659
4827	51.486931
4828	51.497810
4829	51.478680
4830	51.489738
4831	51.472221
4832	51.428913
4833	51.419167
4834	51.433342
4835	51.409527
4836	51.412445
4837	51.435291
4838	51.419872
4839	51.442696
4840	51.437519
4841	51.385033
4842	51.375275
4843	51.445107
4844	51.401360
4845	51.407379
4846	51.494225
4847	51.486065
4848	51.513226
4849	51.502728
4850	51.516304
4851	51.505196
4852	51.496307
4853	51.496521
4854	51.487904
4855	51.472218
4856	51.475780
4857	51.594360
4858	51.613049
4859	51.528389
4860	51.432823
4861	51.394463
4862	51.333008
4863	51.362953
4864	51.404488
4865	51.376190
4866	51.398964
4867	51.406929
4868	51.398651
4869	51.430115
4870	51.437706
4871	51.426201
4872	51.327637
4873	51.371838
4874	51.407196
4875	51.397400
4876	51.393959
4877	51.416107
4878	51.422108
4879	51.372704
4880	51.399101
4881	51.420219
4882	51.435650
4883	51.455315
4884	51.493023
4885	51.485100
4886	51.448006
4887	51.443230
4888	51.462849
4889	51.399437
4890	51.432209
4891	51.423267
4892	51.442482
4893	51.441742
4894	51.482166
4895	51.504250
4896	51.498482
4897	51.507050
4898	51.512440
4899	51.491844
4900	51.476837
4901	51.483875
4902	51.452881
4903	51.463245
4904	51.481789
4905	51.481976
4906	51.485054
4907	51.488983
4908	51.454041
4909	51.471497
4910	51.469349
4911	51.480812
4912	51.495842
4913	51.490288
4914	51.491707
4915	51.481121
4916	51.519524
4917	51.512165
4918	51.515064
4919	51.491016
4920	51.556740
4921	51.556587
4922	51.590157
4923	51.600899
4924	51.574333
4925	51.541363
4926	51.556000
4927	51.545738
4928	51.644463
4929	51.683891
4930	51.683208
4931	51.640179
4932	51.630657
4933	51.620110
4934	51.624859
4935	51.586174
4936	51.575737
4937	51.400391
4938	51.397816
4939	51.370850
4940	51.387367
4941	51.349304
4942	51.418468
4943	51.407879
4944	51.433098
4945	51.435699
4946	51.489052
4947	51.561028
4948	51.570271
4949	51.571800
4950	51.574493
4951	51.547352
4952	51.544678
4953	51.523499
4954	51.506554
4955	51.507648
4956	51.509987
4957	51.525043
4958	51.566383
4959	51.574554
4960	51.564980
4961	51.488464
4962	51.479992
4963	51.483467
4964	51.481853
4965	51.561127
4966	51.561562
4967	51.566303
4968	51.530540
4969	51.532696
4970	51.543205
4971	51.544292
4972	51.559807
4973	51.567829
4974	51.561058
4975	51.564434
4976	51.555412
4977	51.587749
4978	51.568207
4979	51.562828
4980	51.523369
4981	51.491802
4982	51.530998
4983	51.497906
4984	51.497795
4985	51.516754
4986	51.512878
4987	51.536144
4988	51.545967
4989	51.539177
4990	51.535210
4991	51.537895
4992	51.575203
4993	51.619698
4994	51.580585
4995	51.574196
4996	51.560295
4997	51.581402
4998	51.579243
4999	51.549683
5000	51.490883
5001	51.509758
5002	51.543903
5003	51.571217
5004	51.575489
5005	51.573048
5006	51.590137
5007	51.587696
5008	51.569630
5009	51.597656
5010	51.596642
5011	51.597298
5012	51.591961
5013	51.595013
5014	51.597454
5015	51.611126
5016	51.619133
5017	51.628471
5018	51.628620
5019	51.605297
5020	51.566132
5021	51.649059
5022	51.738842
5023	51.746208
5024	51.712555
5025	51.681236
5026	51.604912
5027	51.608307
5028	51.669617
5029	51.654213
5030	51.647747
5031	51.657219
5032	51.648689
5033	51.641865
5034	51.636402
5035	51.591015
5036	51.607441
5037	51.617653
5038	51.628754
5039	51.630310
5040	51.641808
5041	51.652473
5042	51.653679
5043	51.663433
5044	51.633148
5045	51.635292
5046	51.634075
5047	51.589153
5048	51.607414
5049	51.613239
5050	51.614967
5051	51.617817
5052	51.646461
5053	51.723579
5054	51.660759
5055	51.660309
5056	51.657021
5057	51.710052
5058	51.701210
5059	51.683880
5060	51.691986
5061	51.584217
5062	51.600536
5063	51.632637
5064	51.588005
5065	51.603569
5066	51.847466
5067	51.806744
5068	51.797600
5069	51.763924
5070	51.767742
5071	51.773724
5072	51.743355
5073	51.723457
5074	51.711933
5075	51.950275
5076	51.925610
5077	51.864861
5078	51.641945
5079	51.667229
